///метод рунге ронберга не прибавлять, только оценивать погрешность

1
4
1 -5 -7 1
1 -3 -9 -4
-2 4 2 1 
-9 9 5 3
-75 -41 18 29

1
4
0 -5 -7 1
1 -3 -9 -4
-2 4 2 1 
-9 9 0 0
-75 -41 18 29

4
3
-6 6 -8
6 -4 9
-8 9 -2

5
3
1 3 1
1 1 4
4 3 1

5
3
9 0 2
-6 4 4
-2 -7 5


5
4
0 0 0 1
0 0 1 0 
1 0 0 0 
0 1 0 0 

4
3
4 2 1
2 5 3
1 3 6 

3
3
10 1 1
2 10 1
2 2 10
12 13 14

3
4
1 -5 -7 1
1 -3 -9 -4
-2 4 2 1 
-9 9 5 3
-75 -41 18 29


3
4
29 8 9 -9
-7 -25 0 9
1 6 16 -2
-7 4 -2 17
197 -226 -95 -58

1
5
15 8 0 0 0
2 -15 4 0 0 
0 4 11 5 0
0 0 -3 16 -7
0 0 0 3 8
92 -84 -77 15 -11

2
5
15 8
2 -15 4
4 11 5
-3 16 -7
3 8
92 -84 -77 15 -11



1
5
1 -5 -7 1 1
1 -3 -9 -4 2
-2 4 2 1 8
-9 9 5 3 11
6 -2 1 0 4
-75 -41 18 29 22