(1)

4
1 -5 -7 1
1 -3 -9 -4
-2 4 2 1 
-9 9 5 3
1
-75 -41 18 29
1
 

-------------------
4
0 -5 -7 1
1 -3 -9 -4
-2 4 2 1 
-9 9 0 0
1
-75 -41 18 29
1
-------------------

(2)

-1
5
15 8
2 -15 4
4 11 5
-3 16 -7
3 8
1
92 -84 -77 15 -11
2


(3)

4
29 8 9 -9
-7 -25 0 9
1 6 16 -2
-7 4 -2 17
1
197 -226 -95 -58
3

4

------------------
3
10 1 1
2 10 1
2 2 10
1
12 13 14

3
10 1 1
2 10 1
2 2 10
1
12 13 14

4
29 8 9 -9
-7 -25 0 9
1 6 16 -2
-7 4 -2 17
1
197 -226 -95 -58
-----------------

(4)

3
-6 6 -8
6 -4 9
-8 9 -2
7



3
4 2 1
2 5 3
1 3 6 
7


(5)

3
9 0 2
-6 4 4
-2 -7 5
8


3
1 3 1
1 1 4
4 3 1
8



4
0 0 0 1
0 0 1 0 
1 0 0 0 
0 1 0 0 
8

------------------------------------

1
5
1 -5 -7 1 1
1 -3 -9 -4 2
-2 4 2 1 8
-9 9 5 3 11
6 -2 1 0 4
-75 -41 18 29 22

1
5
15 8 0 0 0
2 -15 4 0 0 
0 4 11 5 0
0 0 -3 16 -7
0 0 0 3 8
92 -84 -77 15 -11